cam0:
  T_cam_imu:
    [-0.0178969123469008, 0.9998291135565238, 0.004630789697268434, 0.04876676557876447,
    -0.009582716377553924, -0.004802845436764874, 0.9999425504610429, 0.016606714054441772,
    0.9997939148020816, 0.017851508633264734, 0.00966703492503082, -0.08894451798226967,
    0.0, 0.0, 0.0, 1.0]
  camera_model: pinhole
  distortion_coeffs: [0, 0, 0, 0]
  distortion_model: radtan
  intrinsics: [383.068359375, 383.068359375, 318.5224609375, 240.94998168945312]
  resolution: [640, 480]
  timeshift_cam_imu: -0.0002009088389369204
cam1:
  T_cam_imu:
    [-0.017896912346900967, 0.9998291135565254, 0.004630789697268378, -0.0014248566486658731,
    -0.009582716377553868, -0.004802845436764819, 0.9999425504610444, 0.016606714054441772,
    0.9997939148020831, 0.017851508633264845, 0.009667034925030765, -0.08894451798226967,
    0.0, 0.0, 0.0, 1.0]
  T_cn_cnm1:
    [1.0, 0.0, 0.0, -0.050191622227430344,
      0.0, 1.0, 0.0, 0.0,
      0.0, 0.0, 1.0, 0.0,
      0.0, 0.0, 0.0, 1.0]
  camera_model: pinhole
  distortion_coeffs: [0, 0, 0, 0]
  distortion_model: radtan
  intrinsics: [383.068359375, 383.068359375, 318.5224609375, 240.94998168945312]
  resolution: [640, 480]
  timeshift_cam_imu: -0.0001699537277540927

T_imu_body:
  [1.0000, 0.0000, 0.0000, 0.0000,
  0.0000, 1.0000, 0.0000, 0.0000,
  0.0000, 0.0000, 1.0000, 0.0000,
  0.0000, 0.0000, 0.0000, 1.0000]