cam0:
  T_cam_imu:
    [-0.01676986563796315, 0.9998304805981135, 0.007601425749550639, 0.04502170283996909,
    -0.00990969142468473, -0.007768324202404836, 0.9999207224350088, 0.021388867884820816,
    0.9998102668118327, 0.016693208380284486, 0.010038285292828047, -0.07405897582147886,
    0.0, 0.0, 0.0, 1.0]
  camera_model: pinhole
  distortion_coeffs: [0, 0, 0, 0]
  distortion_model: radtan
  intrinsics: [383.068359375, 383.068359375, 318.5224609375, 240.94998168945312]
  resolution: [640, 480]
  rostopic: /camera/infra1/image_rect_raw
  timeshift_cam_imu: 0.0030777796960178468
cam1:
  T_cam_imu:
    [-0.016769865637963233, 0.9998304805981157, 0.00760142574955075, -0.005169919387461253,
    -0.009909691424684841, -0.007768324202404919, 0.9999207224350108, 0.021388867884820816,
    0.9998102668118349, 0.016693208380284597, 0.010038285292828075, -0.07405897582147886,
    0.0, 0.0, 0.0, 1.0]
  T_cn_cnm1:
    [1.0, 0.0, 0.0, -0.050191622227430344,
    0.0, 1.0, 0.0, 0.0,
    0.0, 0.0, 1.0, 0.0,
    0.0, 0.0, 0.0, 1.0]
  camera_model: pinhole
  distortion_coeffs: [0, 0, 0, 0]
  distortion_model: radtan
  intrinsics: [383.068359375, 383.068359375, 318.5224609375, 240.94998168945312]
  resolution: [640, 480]
  rostopic: /camera/infra2/image_rect_raw
  timeshift_cam_imu: 0.0030500992674767375
T_imu_body:
  [1.0000, 0.0000, 0.0000, 0.0000,
  0.0000, 1.0000, 0.0000, 0.0000,
  0.0000, 0.0000, 1.0000, 0.0000,
  0.0000, 0.0000, 0.0000, 1.0000]